 iopt=[  2  1  0  0  0  0  1  0  0  0  0  0  1  1  0  0  0  0  0  0  0  0  0  0  0  0  0  0  0  1];
 freq=[
       169.9219
 ];
 nplots=0;
   npdpsamp( 1)=       128;
 nparm=  12;
 f_min( 1)=   0.450000E+01;
 f_max( 1)=   0.650000E+01;
par2phy( 1)=  9;
   npdpsamp( 2)=       128;
 f_min( 2)=   0.500000E+02;
 f_max( 2)=   0.900000E+02;
par2phy( 2)=  8;
   npdpsamp( 3)=       128;
 f_min( 3)=   0.145000E+04;
 f_max( 3)=   0.155000E+04;
par2phy( 3)=  3;
   npdpsamp( 4)=       128;
 f_min( 4)=   0.150000E+04;
 f_max( 4)=   0.160000E+04;
par2phy( 4)=  3;
   npdpsamp( 5)=       128;
 f_min( 5)=   0.155000E+04;
 f_max( 5)=   0.165000E+04;
par2phy( 5)= 12;
   npdpsamp( 6)=       128;
 f_min( 6)=   0.127000E+03;
 f_max( 6)=   0.128000E+03;
par2phy( 6)=  1;
   npdpsamp( 7)=       128;
 f_min( 7)=   0.111000E+03;
 f_max( 7)=   0.113000E+03;
par2phy( 7)= 15;
   npdpsamp( 8)=       128;
 f_min( 8)=   0.150000E+01;
 f_max( 8)=   0.200000E+01;
par2phy( 8)=  6;
   npdpsamp( 9)=       128;
 f_min( 9)=   0.170000E+01;
 f_max( 9)=   0.220000E+01;
par2phy( 9)= 14;
   npdpsamp(10)=       128;
 f_min(10)=   0.000000E+00;
 f_max(10)=   0.400000E+00;
par2phy(10)=  4;
   npdpsamp(11)=       128;
 f_min(11)=   0.000000E+00;
 f_max(11)=   0.400000E+00;
par2phy(11)=  4;
   npdpsamp(12)=       128;
 f_min(12)=   0.000000E+00;
 f_max(12)=   0.100000E+02;
par2phy(12)= 17;
  res=[ 
       5381.890       5374.040          0.006
         74.567         74.413          0.007
       1516.929       1503.429          0.163
       1563.780       1562.239          0.171
       1595.669       1580.468          0.117
        127.244        127.395          0.320
        112.055        111.578          0.185
          1.953          1.939          0.129
          2.145          2.042          0.246
          0.123          0.093          0.147
          0.198          0.201          0.221
          9.764          6.113          0.263
  ]; 
  bestfit=   3.99012417E-02 ;
  meanfit=   4.36884239E-02 ;
  pcov = [
   1.00000   0.41943   0.47507   0.17147  -0.01180   0.56227   0.33463  -0.14673   0.24948   0.24755  -0.13274   0.13306
 ;
   0.41943   1.00000   0.41418  -0.19968   0.07935   0.13803   0.16400   0.23729   0.22804   0.15212  -0.31933   0.14174
 ;
   0.47507   0.41418   1.00000  -0.19429   0.51253  -0.11764   0.32788   0.43264   0.19639   0.39284  -0.31809   0.62090
 ;
   0.17147  -0.19968  -0.19429   1.00000   0.06695   0.29434   0.25202  -0.28143  -0.36723   0.15842   0.40938   0.21756
 ;
  -0.01180   0.07935   0.51253   0.06695   1.00000  -0.48589   0.72693   0.16768  -0.03284   0.67787  -0.30727   0.90310
 ;
   0.56227   0.13803  -0.11764   0.29434  -0.48589   1.00000  -0.01737  -0.01105   0.27777  -0.16536   0.20350  -0.52244
 ;
   0.33463   0.16400   0.32788   0.25202   0.72693  -0.01737   1.00000  -0.03130   0.08072   0.67640  -0.29365   0.66183
 ;
  -0.14673   0.23729   0.43264  -0.28143   0.16768  -0.01105  -0.03130   1.00000   0.28228   0.04010  -0.25641   0.11759
 ;
   0.24948   0.22804   0.19639  -0.36723  -0.03284   0.27777   0.08072   0.28228   1.00000   0.06408  -0.30600  -0.17819
 ;
   0.24755   0.15212   0.39284   0.15842   0.67787  -0.16536   0.67640   0.04010   0.06408   1.00000  -0.49695   0.66297
 ;
  -0.13274  -0.31933  -0.31809   0.40938  -0.30727   0.20350  -0.29365  -0.25641  -0.30600  -0.49695   1.00000  -0.27247
 ;
   0.13306   0.14174   0.62090   0.21756   0.90310  -0.52244   0.66183   0.11759  -0.17819   0.66297  -0.27247   1.00000
 ;
 ];
