top to bottom
   94.125 99.755 105.38 111.00 116.62 122.25 127.88
   139.12 144.74 150.38 155.99 161.62 167.26 172.88
   178.49 184.12 189.76 195.38 200.99 206.62 212.25

bottom to top
   212.25 206.62 200.99 195.38 189.76 184.12 178.49 
   172.88 167.26 161.62 155.99 150.38 144.74 139.12 
   127.88 122.25 116.62 111.00 105.38 99.755 94.125

